2.153298 0
2.797695 0
2.357826 6
2.407814 2
2.113110 3
1.928190 10
2.642328 5
2.514760 11
2.820783 14
2.200109 14
2.439953 5
2.488549 0
2.643975 10
2.569116 13
2.075743 16
2.617378 8
2.497693 11
2.539557 9
2.155960 11
2.105696 6
2.622819 0
2.433724 13
2.675427 15
1.999816 11
2.133749 9
2.098835 19
0.000000 0
1.495735 18
2.207907 2
2.729856 2
2.165728 15
2.432682 13
2.077599 17
2.508737 17
2.606490 5
2.466989 10
2.190980 12
2.415725 6
2.588043 14
2.711672 1
2.336833 8
1.859527 5
2.335284 3
2.365789 7
2.455430 7
0.000000 0
2.350868 19
2.321937 6
2.880464 11
2.666444 6
