2.586840 16
2.578875 4
2.860073 10
2.845540 11
2.551187 4
2.687662 16
2.566267 7
2.756919 13
2.719893 3
2.204213 8
2.673257 4
2.751079 10
2.530957 1
2.765643 4
2.572413 0
2.523968 12
2.851394 19
2.850969 2
2.743011 19
2.686140 4
2.592182 8
2.632939 15
2.415952 8
2.779457 10
2.589166 0
2.800677 2
2.425274 7
2.721560 6
2.912220 4
2.985485 6
2.419136 18
2.656791 7
2.553588 6
2.694928 10
2.465860 12
2.757700 18
2.791821 4
2.812831 13
2.348215 7
2.513780 18
2.518142 3
2.906990 4
2.720212 15
2.603356 12
2.513362 11
2.560865 0
2.663598 18
2.463943 13
2.504233 14
2.275324 3
